358230
331570
3920
296810
275330
215160
381020
310810
367270
406290
251510
258970
263120
447890
18050
398830
404790
21780
314000
115220
46360
461890
430290
332880
343820
335310
302170
252950
32670
246880
285800
500190
351080
9900
341760
32800
280640
399910
485760
283020
299540
428440
319550
375290
13540
383730
34010
92000
467930
327930
259190
204340
316660
20200
113400
413030
378630
303710
40400
253110
234490
382890
308040
453890
376780
320670
238630
499230
419090
254320
316140
363600
434410
335430
469830
402390
505040
8800
63710
366620
381260
250320
405640
315440
261960
213850
373990
363480
406720
362780
340490
364390
295490
221020
345290
382180
278490
391160
437100
4920
357750
461140
424640
332540
414920
295690
435530
385900
427030
261700
425900
327740
312210
2520
323060
115200
223280
332570
369550
265690
346250
348450
332620
344810
319170
220780
392920
227860
398890
428880
458560
328000
9160
207650
338050
322900
312280
284160
317620
92200
305780
313360
205060
329970
380990
286830
365240
15080
375420
455970
18070
288120
404080
48000
17580
46290
473050
280560
63650
427270
443940
444280
403040
24240
377460
260190
438040
259960
345390
205840
427250
322950
476920
349150
424370
37010
437020
31930
495110
60600
463270
470260
295790
214730
340000
205100
730
388450
227300
433120
298160
412380
473800
282960
424310
266980
247240
346320
109500
362070
426330
369580
493730
401560
315920
9000
341870
401360
23380
482890
39540
372950
361330
448630
354720
441830
386350
262830
240340
259470
43190
267900
360550
277490
364250
329680
409000
348950
214630
443970
487270
202970
403560
315940
467390
288970
365340
333300
211600
372800
35720
363670
273960
334470
3010
366230
474790
385890
395160
207020
298840
371670
354950
330370
312840
411600
48110
200230
272060
11130
443830
285480
335550
454460
335660
259550
323700
453680
45740
270310
429780
242920
409920
314290
411080
332480
500590
8100
377450
259390
110500
212010
386560
209190
364050
352720
242800
433800
492530
8400
374410
339210
35800
246620
454870
399520
217690
386340
270070
267360
428020
298950
383180
339790
434650
259600
440090
348730
330720
464380
356110
467780
409450
445550
287900
421060
31810
466580
435460
323470
331510
356880
3483
416290
307350
260570
436110
398940
217290
367050
489700
467910
70100
463920
1280
253650
397340
439750
364900
483950
384550
342520
217750
456210
29900
451600
262390
107310
467990
254880
326380
347270
449760
342150
390290
257850
293900
65720
329650
294580
3300
33610
342510
250500
280930
242820
497430
313120
307130
497680
365850
47700
385100
383790
427860
251710
427950
363360
369370
351510
334270
497580
236010
214950
226620
427730
263400
457010
284970
512640
246700
269490
276380
440810
232970
496990
412940
394160
392940
454130
61310
418610
331670
291610
255870
345820
307900
250760
300580
456810
207430
383120
323220
375790
17460
453390
47780
237430
111900
398070
243220
339040
4890
409610
385700
377530
283980
306260
20920
490820
429200
295590
373880
291480
32420
11370
512230
389270
115210
95000
449420
263520
12110
327490
385830
223410
240660
345580
234650
416370
407530
513960
460340
394740
248170
360750
402670
282010
360390
252690
312010
246740
462960
331980
271360
252610
34800
4520
381910
225160
306660
218230
365720
371970
396800
462130
298520
361360
63950
283370
339860
46260
280500
414720
314160
410820
294710
449020
336780
372930
468100
2400
287980
226820
357940
6880
403700
265550
396590
396930
1510
340270
19200
371310
443450
370170
473770
3830
251310
343360
371460
339590
379990
264120
421110
32760
22320
425450
359450
200980
364480
46730
292400
277590
385440
352580
492280
394230
450500
447310
375520
341380
223000
40390
291910
458480
215930
329200
432870
4500
262610
220860
233270
312530
433000
433910
505760
293760
339000
269790
375180
418360
517240
455340
444580
260380
319470
440950
306640
25910
22350
358700
463130
252330
248190
286280
378720
299160
377860
404620
219190
236430
435800
446310
208710
80350
292160
279500
200260
471920
16300
220660
327310
397090
324160
447850
458970
374080
47540
300840
32110
445040
365620
329790
273110
416760
312640
313650
467520
497790
116100
487330
24790
225000
302190
292090
326160
448570
356090
205910
431730
284730
238750
36150
446390
358810
218510
3440
447530
33760
32440
412000
503980
444440
365420
444620
292500
369030
359230
347660
254200
330580
17470
263640
339690
40340
444320
491380
251830
350740
320520
467310
338420
338000
370240
351060
306440
293460
24870
375130
257670
428690
397830
467760
380540
283470
485730
394950
249590
251230
380360
446640
354030
6300
393920
470270
331190
450140
259870
409090
65790
388500
246070
386840
2500
512470
375430
467370
200390
354960
398160
295730
378830
253410
492370
12220
32710
301380
33950
214570
463850
207140
427930
393320
368760
341160
287920
208200
393150
508140
383930
379210
249570
406920
360840
375870
263540
247910
240970
27050
302310
415670
308330
321370
452860
318350
353540
259490
43100
382880
500790
425160
314510
347560
10130
339290
32140
444220
363530
409690
326670
356560
384000
339350
294000
312780
307340
271240
387990
461710
228300
242640
453300
442810
71340
391420
213670
207750
376770
442500
390510
302130
413170
345540
394540
459540
409590
460120
410910
373180
277540
343340
231060
31980
3530
311770
408000
375160
367240
237570
362130
360580
396480
382090
38210
469600
298890
35700
319510
287100
349250
319280
8970
344230
209370
220900
335830
346220
19900
302060
276300
307930
284000
434210
392470
242720
301190
273070
301980
454100
9060
202370
386180
354920
385580
395860
311310
18480
349280
375220
330180
409410
331920
347480
316600
354180
293160
434070
357910
293960
473710
380690
207670
522570
304500
464360
320110
10230
102840
358440
285090
288040
70400
359550
9310
57300
301520
333290
271640
364940
342230
20570
312300
324680
473460
341510
268810
450710
21690
352700
284390
257650
391590
333220
263820
326340
282620
333120
2700
22380
20550
368220
205090
435150
294810
234080
246840
434610
495580
291270
11150
312230
282210
396260
397320
356530
253610
46600
466500
335000
391280
212030
363270
365330
365160
276810
218090
12630
278850
8660
283880
474030
234390
8310
293420
499110
286810
455640
263600
468320
256010
333390
470140
111000
235210
238910
511670
401210
397460
4850
378410
262080
293780
322540
491470
357070
6120
327920
24400
453990
469900
421600
4460
45720
296970
411370
389870
327960
207250
17570
255280
403300
42170
214550
361420
425150
46720
213610
399640
303340
12640
453880
271370
289420
9030
202200
318860
405670
314660
503680
12160
393820
280460
423610
459630
274980
359260
259130
454630
46410
397780
273350
250900
404750
274190
342500
240360
281860
361350
378300
496730
485350
366510
299150
318570
486630
285740
398630
371120
338040
12120
346950
50300
346510
281050
63660
237990
4770
370040
367780
35460
270010
1700
391240
421630
325790
329020
351240
337880
243470
37400
292860
463760
200550
290380
420440
12130
230230
510780
338550
426690
307640
391440
314120
353190
23300
280740
448660
383530
232790
390330
320610
435970
320150
381990
278550
292370
113020
475240
221680
279480
430440
453950
355530
278420
378930
390220
379610
333340
80360
302650
298050
350210
283040
457730
278640
273500
339570
448050
427520
345090
503140
108700
296180
222440
291030
351730
349260
457520
32310
303530
65500
22180
401280
316790
459520
283840
36210
110630
50820
340750
328070
329380
363580
344240
296030
329610
253530
248510
493720
339530
338830
375310
353130
381560
287580
215690
205650
46370
297760
38080
325090
466430
289520
213350
453660
355080
383230
405780
258890
47410
390460
346850
441280
7220
249550
412450
2100
3330
25850
262240
444460
208630
434000
33320
211900
63900
402980
242680
321060
327370
223470
440750
454510
377980
256290
248650
238930
15190
370940
437000
266230
3500
340810
230410
347510
381010
348820
350610
418040
365190
316720
226120
406090
369420
400410
385360
302260
487600
481870
375010
266330
11200
422020
259510
317060
315320
476240
231720
39800
412490
434500
299180
449830
363940
218060
387800
61520
288020
383750
428220
496310
46790
365760
424760
265770
314380
212050
486880
345650
479110
211400
113420
2920
104000
289800
495890
344840
239700
39550
396660
372000
233700
260160
224900
228400
246980
340400
387970
242940
17710
1530
345120
258520
338170
264560
381090
286540
27800
299800
282530
412310
335700
300380
391250
269210
375020
292480
21010
205990
342630
239720
350620
227080
291710
366590
268750
57900
206370
298560
499370
226960
239800
399230
343150
492270
368800
509570
315680
312540
450670
281410
395890
322300
252730
354930
332390
444800
211360
48150
41900
58550
200510
15970
301860
389510
45400
281370
256370
394220
35000
498050
464230
327090
258590
386520
391310
410150
342490
218740
281610
318950
287120
48700
354900
255390
358240
293240
283100
336770
217920
236870
234100
303470
502740
32770
286080
440790
32330
2810
395380
391630
19030
246580
520820
270510
348340
274480
61600
65270
266510
223710
433750
254100
408860
1600
420770
434260
379640
521990
3320
360870
523790
228760
392950
350020
262790
345220
335010
209730
439950
426790
265950
388320
298110
208670
278570
219340
370070
338980
298140
45730
90400
447000
375120
250560
383670
204390
283330
410290
265630
212480
12810
508960
441680
266090
328900
295610
366250
206190
373970
216150
35070
340030
63200
404550
501940
398710
461840
33930
314420
340200
251850
219700
401420
284850
249680
528660
367010
365110
217270
209000
315430
469890
314240
340280
233740
364370
31830
343170
220260
299910
34420
331290
299500
100400
323450
265810
330830
286100
388720
11250
388880
12170
249870
289260
6040
1250
401330
344190
333330
233110
429950
427100
33180
464830
70300
349040
393170
299660
325420
473920
108110
292990
354730
355810
375820
409380
243970
316260
35450
343990
281060
392450
485390
242570
281350
431600
386160
358400
331400
473510
23400
404040
442140
70110
486470
297070
504050
388410
329130
236450
411390
387370
306410
416330
494740
210970
65800
27600
431060
425670
219200
404200
307880
372210
2540
356520
361130
400180
55370
329690
361300
209520
259450
337760
242110
411560
362140
404420
304290
352370
494460
465890
39500
395420
296590
343560
2360
91700
319250
3990
391260
227780
429490
21030
266250
346200
105420
366410
458510
2780
363950
417980
46550
9070
9350
513980
270770
300630
418110
65710
322290
303590
314590
443630
312360
209120
404410
21130
47730
298020
409070
302610
233230
249650
400160
359190
393930
6080
298820
353110
252370
308000
31290
360590
524340
383100
490230
34900
63380
49320
433350
201490
314370
317940
340960
391740
338800
22120
365880
416770
369080
